# Accelerometer Values
# filename:  Britty-1.txt
# Saving start time: Thu Jun 12 14:17:10 IST 2014

# sensor resolution: 0.00980665m/s^2
#Sensorvendor: STMicroelectronics, name: ST 3-axis Accelerometer, type: 1,version : 1, range 19.6133

# X value, Y value, Z value, time diff in ms
-0.833 2.471 8.943 20
-0.745 2.265 8.62 20
-0.715 2.206 8.551 20
-0.735 2.422 8.659 21
-0.735 2.51 8.914 19
-0.99 2.51 8.914 20
-0.941 2.53 9.031 20
-0.853 2.353 9.031 20
-0.912 2.245 8.982 20
-0.951 2.353 9.051 20
-0.823 2.255 9.002 20
-0.862 2.235 9.139 20
-0.882 2.245 9.071 21
-0.813 2.255 8.904 20
-0.784 2.265 8.816 20
-0.804 2.245 8.904 20
-0.833 2.324 8.982 20
-0.843 2.333 8.963 20
-0.813 2.343 8.855 20
-0.921 2.432 8.855 19
-0.833 2.432 8.982 20
-0.784 2.314 9.051 20
-0.794 2.275 9.031 21
-0.784 2.304 9.051 20
-0.813 2.304 9.179 19
-0.735 2.245 9.051 20
-0.804 2.245 9.041 20
-0.843 2.333 8.953 20
-0.794 2.284 8.796 20
-0.784 2.265 8.884 20
-0.715 2.235 8.963 21
-0.745 2.304 8.904 19
-0.764 2.226 8.943 20
-0.755 2.235 9.1 20
-0.784 2.245 9.031 21
-0.735 2.304 9.022 19
-0.715 2.284 8.953 20
-0.696 2.314 8.904 20
-0.784 2.255 9.012 21
-0.715 2.304 8.963 20
-0.764 2.333 8.943 19
-0.853 2.363 8.943 21
-0.725 2.294 9.071 19
-0.706 2.392 9.041 20
-0.735 2.373 8.943 20
-0.804 2.461 8.953 20
-0.843 2.5 8.973 20
-0.764 2.304 8.845 21
-0.745 2.441 8.816 20
-0.921 2.49 8.737 19
-1.059 2.657 8.855 20
-1.049 2.667 8.659 20
-1.147 2.804 8.708 20
-1.039 3.01 8.953 20
-1.0 2.726 8.62 20
-1.068 2.618 8.688 20
-1.0 2.53 8.884 20
-1.068 2.549 9.257 20
-1.255 2.461 9.179 20
-1.068 2.265 9.179 20
-0.872 2.373 8.953 20
-0.902 2.687 8.414 20
-1.098 2.775 8.659 20
-0.912 2.569 9.012 20
-0.98 2.314 8.973 21
-1.098 2.5 9.198 19
-1.039 2.745 9.345 21
-1.176 2.991 8.914 19
-1.196 3.147 8.855 20
-1.225 3.079 8.825 20
-1.225 3.079 8.933 20
-1.216 3.138 8.933 20
-1.176 3.04 8.825 21
-1.019 2.902 8.825 19
-0.941 2.922 8.835 20
-0.931 2.951 8.747 20
-0.823 2.834 8.669 20
-0.853 2.941 8.561 20
-1.039 2.951 8.757 20
-0.892 2.873 8.708 20
-0.774 2.843 8.816 20
-0.686 2.863 8.688 20
-0.588 2.814 8.727 20
-0.666 2.902 8.659 20
-0.843 3.0 8.649 20
-0.774 2.912 8.443 21
-0.519 2.667 8.472 19
-0.313 2.569 8.884 20
-0.666 2.824 8.806 21
-0.519 2.941 9.031 19
-0.431 3.059 9.149 20
-0.608 2.745 9.022 20
-0.833 3.01 9.11 20
-1.284 2.755 9.267 20
-1.47 3.246 8.757 20
-1.667 3.618 8.208 20
-1.843 3.844 7.786 20
-2.137 3.765 8.217 20
-2.814 3.726 9.267 20
-3.432 4.04 8.845 20
-3.216 3.922 8.502 20
-2.598 3.903 8.1 20
-2.52 3.971 8.188 21
-2.696 4.314 9.188 19
-2.804 4.187 8.61 20
-2.677 4.128 8.276 20
-2.059 4.775 8.296 21
-2.383 4.363 8.168 20
-2.255 4.452 8.776 19
-1.912 4.991 8.61 20
-1.637 4.981 7.482 20
-1.157 3.922 7.198 20
-1.127 3.834 7.521 20
-0.99 4.197 7.658 20
-0.215 3.236 7.658 20
0.902 2.588 7.168 20
1.735 2.657 7.658 20
1.539 2.02 7.139 20
2.088 1.755 7.992 20
2.628 1.647 9.394 20
1.902 1.598 10.973 20
1.451 1.676 11.189 20
1.117 1.647 10.777 20
1.794 1.353 10.179 21
1.784 1.5 9.473 19
1.824 1.588 9.169 20
1.873 1.765 9.11 20
1.931 1.912 9.129 20
2.284 1.706 8.59 20
2.363 1.068 7.757 20
1.853 0.264 7.266 20
1.588 0.529 7.796 20
1.647 0.254 8.325 20
1.941 -0.451 8.61 20
2.314 -1.353 8.541 20
1.725 -1.627 8.6 20
1.725 -1.627 8.747 20
1.51 -1.706 8.855 20
1.52 -1.804 8.894 21
1.755 -2.049 8.894 19
1.931 -2.363 8.629 20
1.47 -2.716 8.62 20
1.431 -2.657 8.561 20
1.784 -2.314 8.845 21
2.118 -2.147 9.11 20
2.412 -1.941 9.09 19
2.804 -2.628 8.531 20
3.01 -2.892 8.012 20
2.785 -2.755 7.766 20
2.324 -2.402 8.031 20
2.147 -2.059 8.688 20
2.588 -2.745 8.767 20
2.579 -2.951 8.786 20
2.245 -2.265 9.071 20
2.412 -2.108 9.09 20
2.618 -1.882 8.708 20
2.588 -1.735 8.58 20
2.314 -2.128 8.217 20
2.216 -2.373 7.649 20
2.304 -2.5 7.296 20
2.216 -2.451 7.737 20
1.902 -2.373 8.649 20
2.196 -3.069 8.472 20
2.432 -3.5 8.492 21
1.667 -3.118 8.924 19
1.569 -2.883 9.247 21
2.324 -3.255 9.061 19
3.02 -3.324 9.08 20
2.579 -3.216 9.208 20
1.451 -2.677 8.943 20
1.529 -3.157 7.835 20
2.284 -3.785 7.354 20
2.118 -3.716 7.354 20
1.951 -3.412 7.776 20
2.039 -3.677 8.188 20
2.765 -4.658 7.913 20
2.618 -4.707 7.845 20
2.373 -4.403 8.002 21
3.128 -5.011 7.776 19
2.981 -4.462 8.208 20
2.0 -3.785 9.002 20
1.765 -4.393 9.384 20
2.579 -5.236 8.59 20
2.559 -5.364 7.629 20
1.049 -4.511 7.531 20
0.392 -4.481 8.433 20
2.206 -5.295 8.08 20
2.706 -4.922 7.276 20
1.804 -4.618 7.874 21
0.372 -3.765 8.855 19
1.363 -4.305 8.59 20
2.451 -4.667 8.198 21
1.824 -4.422 8.267 20
4.599 -5.472 7.943 20
3.51 -4.569 9.698 19
2.706 -4.314 9.63 21
1.166 -3.51 8.198 20
2.265 -4.256 7.374 19
0.558 -2.922 10.042 20
2.069 -3.226 8.992 20
2.186 -3.579 8.463 22
1.216 -3.01 8.502 18
1.216 -3.01 7.904 20
1.588 -3.285 7.845 20
3.226 -4.393 7.678 21
2.383 -4.05 8.639 41
1.108 -2.618 8.855 18
2.716 -3.755 8.639 20
1.716 -3.265 7.923 21
3.167 -4.001 7.953 19
2.079 -2.863 8.521 20
1.372 -2.441 9.129 20
1.137 -2.353 9.09 20
1.735 -2.549 9.002 20
2.098 -3.246 8.825 20
1.578 -2.216 8.914 20
2.392 -3.285 8.492 20
2.216 -3.167 8.737 21
2.059 -2.637 8.767 19
1.049 -2.324 8.894 20
0.696 -1.961 8.267 20
-0.49 -4.432 2.128 20
1.98 -3.491 9.316 20
0.598 -1.461 9.924 21
1.892 -2.471 9.688 20
0.088 -2.51 9.247 19
3.432 -2.588 8.502 20
1.461 -2.637 9.473 20
0.931 -1.941 9.649 20
-0.715 -1.353 9.571 20
-5.619 1.196 10.787 20
4.56 -0.941 8.159 20
6.325 -3.834 8.894 20
1.853 -3.275 9.08 20
1.647 -3.04 8.698 21
1.117 -2.137 8.963 19
1.078 -1.127 9.218 20
0.931 -0.794 9.659 21
1.627 -0.921 9.816 20
1.147 -0.088 9.767 20
1.627 -1.284 9.012 19
1.598 -1.588 8.649 21
1.814 -1.186 8.6 19
2.01 -1.235 9.002 20
0.99 -1.52 9.306 21
1.667 -1.922 8.933 20
1.49 -2.039 8.943 20
0.853 -1.627 9.169 19
0.058 -1.029 9.463 20
0.411 -0.853 9.443 20
-0.264 -0.627 9.306 20
-0.392 -0.725 9.1 20
0.402 -0.872 9.1 21
0.823 -1.245 8.737 19
0.647 -1.019 8.708 20
-0.058 -0.617 9.12 20
0.019 -0.853 9.228 20
1.48 -1.686 8.933 20
1.716 -1.647 9.022 20
0.745 -1.049 9.316 20
-0.029 -0.676 9.483 21
0.549 -0.706 9.443 19
0.941 -1.657 9.218 21
0.833 -1.873 9.286 19
0.823 -1.48 9.306 20
1.078 -1.627 9.424 20
1.029 -1.529 8.59 21
0.921 -0.764 9.787 39
0.245 -0.539 9.61 20
0.666 -0.853 9.296 20
1.372 -1.245 8.914 20
0.941 -1.147 9.051 20
1.049 -1.196 9.061 20
1.206 -1.216 9.031 20
1.127 -1.255 8.904 20
0.99 -1.088 8.835 20
0.647 -0.676 8.737 20
0.784 -0.402 8.688 20
0.46 -0.147 9.012 20
0.47 -0.392 9.345 20
1.049 -0.853 9.129 20
0.833 -0.774 9.532 20
1.166 -1.157 9.62 20
1.48 -1.588 9.522 20
1.451 -1.804 9.247 20
1.667 -1.902 9.326 20
1.363 -1.735 9.257 21
0.735 -1.5 9.12 19
1.049 -1.725 8.835 20
1.147 -1.559 9.071 20
1.01 -1.255 9.139 21
1.078 -1.029 8.933 19
0.755 -0.745 9.051 20
0.48 -0.666 9.12 20
0.627 -0.696 8.727 20
0.49 -0.304 9.061 20
1.049 -0.519 9.698 20
1.804 -1.029 9.875 20
1.559 -1.245 9.12 20
1.48 -1.559 9.208 20
1.676 -1.667 9.1 20
1.353 -1.372 9.208 20
1.245 -1.441 9.237 20
1.294 -1.539 9.11 20
1.157 -1.333 8.816 20
0.578 -0.853 9.002 20
0.519 -0.686 9.218 20
0.764 -1.108 8.845 21
0.843 -1.127 8.973 19
1.225 -1.392 9.129 20
1.353 -1.529 9.051 20
1.245 -1.363 9.394 21
1.265 -1.363 9.551 19
1.382 -1.382 9.267 20
1.176 -1.274 9.365 20
-0.235 -1.049 9.051 20
0.019 -1.0 9.002 20
1.294 -1.098 9.571 20
1.314 -1.029 9.473 20
0.519 -0.99 9.09 20
1.186 -1.176 9.277 20
1.176 -1.392 9.61 20
1.353 -1.98 9.845 20
1.0 -1.5 8.649 20
1.117 -1.569 8.904 20
1.127 -1.745 8.806 20
0.98 -1.265 8.727 20
0.372 -0.892 8.953 20
0.509 -0.745 9.512 20
1.235 -1.216 9.443 20
1.667 -1.578 8.963 20
0.99 -1.402 8.502 20
0.431 -0.902 8.492 21
0.519 -0.568 8.865 39
1.372 -1.157 9.022 20
1.421 -1.539 9.169 21
0.97 -1.353 9.865 19
1.078 -1.421 9.443 20
1.147 -1.618 8.973 20
1.039 -1.824 8.639 20
0.764 -1.863 8.6 21
0.627 -1.696 9.051 19
0.725 -1.343 9.286 20
1.029 -1.755 9.59 20
1.284 -2.039 9.522 20
1.059 -1.843 9.424 20
0.774 -1.598 9.492 20
1.0 -1.52 9.718 20
1.392 -1.804 9.218 21
1.284 -1.559 8.737 19
0.98 -1.853 7.09 20
0.529 -1.588 9.688 20
0.529 -1.421 8.316 21
-0.127 -1.098 9.1 20
-0.098 -0.951 9.688 19
1.206 -1.745 9.09 20
1.421 -1.804 8.62 20
0.549 -1.363 8.727 21
-0.058 -0.764 8.963 19
-0.049 -0.666 8.933 20
0.382 -1.068 9.571 20
0.892 -1.245 9.777 20
1.068 -1.029 9.836 20
0.774 -1.068 9.659 20
0.657 -1.157 9.63 20
1.235 -1.451 9.473 20
1.412 -1.676 9.179 20
1.117 -1.794 9.031 20
0.804 -1.873 9.267 20
0.912 -1.794 9.345 21
1.294 -1.814 9.306 19
1.343 -1.922 9.316 20
1.412 -1.843 9.394 20
1.01 -1.569 9.257 20
0.755 -1.421 9.433 20
0.5 -1.166 9.61 20
0.49 -1.372 9.512 20
0.666 -1.461 9.326 20
0.99 -1.941 9.08 20
1.206 -1.99 9.718 20
0.774 -1.716 9.757 21
0.706 -1.598 9.747 19
0.813 -1.716 9.62 20
1.078 -1.784 9.894 20
0.941 -1.667 9.796 20
0.706 -1.588 9.738 21
0.588 -1.363 9.973 19
0.696 -1.529 10.179 20
0.804 -1.676 10.365 21
0.961 -1.578 10.581 19
1.382 -1.5 11.189 21
2.304 -1.814 11.483 19
1.863 -1.598 11.238 20
1.421 -0.843 11.101 20
1.961 -1.431 10.434 20
0.823 -1.294 10.208 20
-0.313 -0.715 10.306 20
-0.313 -0.715 9.463 20
-0.313 -0.539 9.463 20
-0.343 -0.215 8.6 20
-0.166 0.137 7.541 20
-0.039 0.608 7.041 20
-0.745 1.725 7.443 20
-1.049 2.912 6.423 20
-0.882 3.344 5.05 20
-0.245 3.422 3.726 20
-0.215 4.158 3.285 20
-1.088 4.501 3.383 20
-1.47 3.412 4.893 20
-1.01 2.637 7.717 20
-1.922 4.128 6.962 20
-1.922 4.354 6.021 21
-1.48 4.628 6.217 19
0.058 3.706 9.61 20
0.823 4.099 13.091 20
-1.598 3.981 9.277 20
0.392 3.687 6.442 20
0.107 3.334 5.991 20
8.365 3.275 10.404 20
1.5 3.5 7.943 21
-2.755 4.305 8.11 20
-2.961 4.883 9.257 19
-3.167 5.432 10.777 20
-1.539 4.118 10.267 20
-0.107 2.667 8.345 20
-0.706 3.157 7.727 20
-0.794 2.794 7.835 20
1.108 1.873 9.571 20
1.343 2.941 10.365 20
0.46 3.285 8.924 20
-0.558 3.53 8.786 20
-0.49 3.265 8.237 20
0.078 2.059 9.414 20
0.529 1.765 9.718 20
0.46 1.088 9.522 20
0.598 1.029 8.727 21
0.696 1.549 8.708 20
0.431 1.421 9.11 19
-0.568 2.196 10.159 20
-1.049 2.412 10.444 20
-0.235 1.922 9.963 20
0.235 1.657 8.924 20
0.205 2.02 8.786 20
0.235 2.098 8.992 20
0.304 1.578 8.884 20
0.156 1.667 9.198 20
0.049 2.029 8.973 20
-0.068 1.686 9.022 20
-0.019 1.784 9.208 20
-0.254 2.226 9.159 20
-0.117 2.422 8.678 20
-0.107 2.147 8.649 20
-0.362 2.314 9.257 20
-0.353 2.363 9.855 20
0.068 2.039 9.61 20
0.284 2.01 8.806 20
-0.137 2.333 8.472 20
-0.107 2.412 8.08 21
-0.284 2.265 7.913 19
-0.715 2.637 8.041 20
-0.657 2.883 8.669 20
-0.441 2.579 9.11 20
-0.588 2.226 9.983 20
-0.49 2.226 9.983 20
-0.666 2.324 10.512 20
-0.274 1.971 10.002 20
-0.813 2.392 9.728 20
-0.313 1.618 7.874 20
0.304 2.892 7.737 20
0.117 2.52 8.404 20
0.029 2.353 8.953 20
-0.117 2.53 8.943 20
-0.225 2.373 8.59 20
-0.362 2.294 8.914 20
-0.598 2.275 9.041 20
-0.372 2.245 8.884 20
-0.313 2.196 9.022 20
-0.196 1.99 9.277 20
0.176 1.863 8.943 20
0.313 2.098 8.737 20
0.264 2.412 8.835 20
0.088 2.52 9.031 21
-0.009 2.52 9.071 21
-0.078 2.422 8.933 18
-0.166 2.461 9.277 21
-0.137 2.353 9.159 20
0.039 1.843 9.08 20
0.117 1.686 9.463 20
0.274 1.843 9.845 20
0.402 1.735 9.738 19
0.362 1.716 9.208 20
0.098 2.049 8.924 21
-0.117 2.275 8.659 20
-0.147 2.245 8.423 19
-0.049 2.196 8.472 20
-0.147 2.167 8.845 21
-0.049 2.079 8.914 20
0.049 1.99 8.708 19
0.0 1.892 8.649 21
-0.078 1.971 8.767 20
-0.205 2.118 9.345 21
0.0 1.863 9.247 18
0.0 1.716 9.433 21
-0.156 1.755 9.433 20
-0.176 1.961 9.1 20
-0.196 1.971 9.051 20
-0.245 2.059 9.208 19
-0.196 2.118 9.012 21
-0.166 2.128 8.914 20
-0.254 2.275 8.914 20
-0.343 2.304 8.943 20
-0.205 2.186 9.218 20
-0.117 2.118 9.502 20
-0.098 2.088 9.228 20
# end
#Thu Jun 12 14:17:21 IST 2014