# Accelerometer Values
# filename:  default.txt
# Saving start time: Tue Jun 10 15:49:52 IST 2014

# sensor resolution: 0.00980665m/s^2
#Sensorvendor: STMicroelectronics, name: ST 3-axis Accelerometer, type: 1,version : 1, range 19.6133

# X value, Y value, Z value, time diff in ms
-0.686 0.304 8.757 20
-0.558 0.755 8.875 20
-0.558 0.784 8.816 20
-0.343 0.539 9.031 20
-0.353 0.196 9.355 20
-0.421 0.245 9.433 20
-0.912 0.882 9.375 21
-1.098 0.98 9.424 19
-1.255 0.833 9.679 20
-1.216 0.588 9.394 20
-1.196 0.529 9.237 20
-1.157 0.558 9.179 20
-1.068 0.608 9.129 20
-0.98 0.549 8.933 20
-0.853 0.588 8.816 20
-0.804 0.509 8.924 20
-0.872 0.715 8.875 23
-0.833 0.549 8.963 17
-0.774 0.431 9.179 20
-0.892 0.676 9.286 21
-0.804 0.519 9.179 19
-0.696 0.372 9.228 20
-0.745 0.617 9.09 20
-0.686 0.46 9.551 20
-0.647 0.509 9.345 20
-0.706 0.578 9.237 20
-0.764 0.568 9.532 22
-0.735 0.441 9.492 18
-0.715 0.509 9.257 20
-0.676 0.49 9.286 20
-0.617 0.421 9.031 20
-0.637 0.47 9.129 20
-0.686 0.441 9.198 20
-0.696 0.382 9.267 20
-0.755 0.382 9.277 20
-0.784 0.402 9.335 20
-0.784 0.294 9.345 20
-0.774 0.313 9.237 20
-0.764 0.274 9.384 20
-0.715 0.254 9.502 20
-0.706 0.264 9.306 20
-0.686 0.205 9.414 20
-0.647 0.098 9.296 20
-0.617 0.254 9.179 20
-0.627 0.225 9.129 20
-0.617 0.107 9.139 20
-0.647 0.117 9.12 20
-0.666 0.245 9.149 20
-0.657 0.186 9.139 20
-0.676 0.196 9.022 20
-0.637 0.186 9.149 20
-0.558 0.225 8.992 20
-0.598 0.235 9.228 20
-0.608 0.284 9.041 20
-0.657 0.205 9.002 20
-0.549 0.107 8.649 21
-0.549 -0.196 8.639 19
-0.421 -0.196 8.639 20
-0.304 -0.637 8.992 20
-0.313 -0.804 9.943 20
-0.411 -0.745 9.787 20
-0.392 -1.098 9.551 20
-0.382 -1.235 9.698 20
-0.372 -1.294 9.61 20
-0.353 -1.343 9.473 20
-0.362 -1.255 9.326 20
-0.225 -1.402 9.277 20
-0.186 -1.47 9.12 20
-0.215 -1.343 9.345 20
-0.264 -1.343 9.277 20
-0.235 -1.304 9.198 20
-0.254 -1.235 9.031 20
-0.205 -1.284 9.149 20
-0.215 -1.294 9.061 20
-0.176 -1.392 9.218 20
-0.274 -1.412 9.159 20
-0.333 -1.412 9.424 20
-0.264 -1.392 9.404 20
-0.166 -1.637 9.277 20
-0.215 -1.569 9.218 20
-0.196 -1.578 9.228 20
-0.156 -1.559 9.198 20
-0.127 -1.549 9.188 20
-0.147 -1.637 9.139 20
-0.117 -1.657 9.09 20
-0.186 -1.627 8.963 20
-0.196 -1.696 8.992 20
-0.147 -1.892 9.09 20
-0.205 -1.833 9.326 20
-0.254 -1.873 9.12 20
-0.254 -1.931 8.659 20
-0.176 -2.059 8.855 20
-0.215 -2.167 8.796 20
-0.313 -2.029 8.796 20
-0.205 -2.343 8.963 20
-0.156 -2.51 9.071 20
-0.225 -2.539 9.002 20
-0.264 -2.657 8.953 20
-0.225 -2.755 9.002 20
-0.215 -2.883 9.463 20
-0.304 -2.755 9.012 20
-0.274 -2.892 8.816 20
-0.156 -3.147 8.914 20
-0.078 -3.157 9.129 20
-0.117 -3.118 8.943 20
-0.205 -3.128 8.904 20
-0.127 -3.324 8.894 20
-0.088 -3.373 8.894 20
-0.127 -3.402 8.914 20
-0.245 -3.344 8.894 20
-0.264 -3.491 8.561 20
-0.313 -3.736 8.727 20
-0.509 -3.51 8.786 20
-0.608 -3.608 8.796 20
-0.578 -3.559 8.816 20
-0.578 -3.608 8.757 20
-0.558 -3.648 8.61 20
-0.47 -3.755 8.855 20
-0.47 -3.618 9.012 20
-0.451 -3.667 8.884 20
-0.421 -3.726 8.306 20
-0.421 -3.804 8.512 20
-0.353 -3.804 8.512 20
-0.421 -3.648 8.708 20
-0.392 -3.726 8.708 20
-0.333 -3.863 8.767 20
-0.333 -3.834 8.688 20
-0.392 -3.795 8.571 20
-0.411 -3.648 8.492 20
-0.362 -3.834 8.639 22
-0.451 -3.648 8.6 18
-0.411 -3.755 8.62 20
-0.431 -3.746 8.541 20
-0.47 -3.706 8.678 20
-0.49 -3.726 8.737 23
-0.451 -3.736 8.571 17
-0.451 -3.863 8.384 20
-0.49 -3.893 8.708 20
-0.578 -3.844 8.914 20
-0.666 -3.716 8.561 20
-0.529 -3.854 8.512 20
-0.578 -3.775 8.806 20
-0.608 -3.706 8.875 20
-0.529 -3.697 8.757 20
-0.539 -3.697 8.58 20
-0.588 -3.51 8.639 20
-0.539 -3.55 8.6 20
-0.568 -3.589 8.776 20
-0.588 -3.55 8.669 20
-0.509 -3.618 8.551 20
-0.5 -3.53 8.384 20
-0.529 -3.618 8.492 20
-0.539 -3.569 8.825 20
-0.519 -3.569 8.806 20
-0.519 -3.618 8.62 20
-0.5 -3.667 8.61 20
-0.558 -3.589 8.737 20
-0.549 -3.579 8.6 20
-0.598 -3.599 8.678 20
-0.755 -3.52 8.786 20
-0.745 -3.599 8.6 20
-0.686 -3.687 8.708 20
-0.627 -3.765 8.845 20
-0.666 -3.706 8.727 20
-0.598 -3.687 8.688 20
-0.608 -3.589 8.659 20
-0.588 -3.618 8.414 20
-0.539 -3.648 8.502 20
-0.568 -3.667 8.669 20
-0.568 -3.697 8.629 20
-0.578 -3.657 8.61 20
-0.598 -3.677 8.727 20
-0.578 -3.755 8.747 20
-0.558 -3.726 8.708 20
-0.539 -3.716 8.718 20
-0.568 -3.667 8.698 20
-0.549 -3.569 8.816 20
-0.529 -3.589 8.796 20
-0.529 -3.471 8.708 20
-0.49 -3.51 8.58 20
-0.509 -3.579 8.678 20
-0.5 -3.618 8.6 21
-0.509 -3.697 8.757 19
-0.519 -3.765 8.855 20
-0.539 -3.667 8.639 20
-0.392 -3.706 8.453 20
-0.441 -3.706 8.453 20
-0.392 -3.834 8.482 20
-0.451 -3.755 8.443 20
-0.441 -3.697 8.394 20
-0.294 -3.716 8.463 20
-0.274 -3.804 8.345 20
-0.353 -3.667 8.119 20
-0.362 -3.795 8.404 20
-0.441 -3.608 8.531 20
-0.392 -3.785 8.521 20
-0.421 -3.873 8.384 20
-0.353 -3.932 8.531 20
-0.451 -3.775 8.551 20
-0.333 -3.981 8.796 20
-0.362 -4.05 8.825 20
-0.382 -4.158 8.708 20
-0.588 -3.854 8.62 20
-0.539 -3.942 8.747 20
-0.48 -4.001 8.973 20
-0.48 -4.02 9.002 20
-0.509 -3.912 9.198 20
-0.48 -3.667 9.188 20
-0.549 -3.559 8.914 22
-0.539 -3.402 8.855 18
-0.539 -3.451 8.6 20
-0.637 -3.52 8.521 20
-0.676 -3.285 9.002 20
-0.637 -3.285 9.198 20
-0.657 -3.393 8.688 20
-0.941 -3.255 8.825 20
-1.059 -3.089 8.639 20
-0.97 -3.167 8.639 20
-1.078 -3.265 8.414 20
-1.216 -3.246 8.816 20
-1.265 -3.206 8.806 20
-1.216 -3.304 8.472 20
-1.225 -3.324 8.747 20
-1.245 -3.295 8.58 20
-1.186 -3.383 8.894 20
-1.029 -3.628 9.296 20
-0.961 -3.697 9.414 20
-0.745 -3.736 8.953 20
-0.558 -3.765 9.218 20
-0.215 -3.667 9.031 20
0.009 -3.648 8.61 20
0.098 -3.834 8.482 20
0.343 -4.04 8.845 20
0.725 -4.04 8.776 20
0.902 -3.912 9.012 20
1.127 -3.981 8.688 20
1.206 -4.03 8.639 20
1.353 -4.187 8.708 20
1.578 -3.981 8.884 20
1.941 -3.961 8.257 20
2.137 -3.893 7.962 20
2.402 -3.912 8.08 20
2.53 -3.667 8.267 20
2.883 -3.755 8.159 20
3.128 -3.618 7.933 21
3.412 -3.52 7.521 20
3.52 -3.54 7.835 19
3.706 -3.608 7.531 20
3.981 -3.402 7.737 20
4.305 -3.216 8.061 20
4.305 -3.216 7.609 20
4.324 -3.334 7.658 20
4.363 -3.246 7.374 20
4.579 -3.275 7.207 20
4.746 -3.069 7.168 20
4.932 -2.961 7.354 20
5.168 -2.883 7.129 20
5.266 -2.755 6.962 20
5.462 -2.726 6.913 20
5.364 -2.569 7.011 20
5.521 -2.579 7.325 22
5.599 -2.353 7.119 18
5.579 -2.324 6.658 20
5.57 -2.412 6.462 20
5.619 -2.128 6.609 20
5.844 -2.088 6.658 20
6.138 -1.882 7.217 20
6.217 -1.804 6.825 20
6.217 -2.01 6.011 20
6.148 -1.775 6.286 20
6.344 -1.637 6.295 20
6.482 -1.51 6.462 20
6.531 -1.49 6.246 20
6.58 -1.451 6.06 20
6.541 -1.382 6.178 20
6.746 -1.392 6.246 20
6.776 -1.382 6.286 20
6.639 -1.206 6.217 20
6.786 -1.078 6.325 20
6.894 -0.98 5.972 20
6.815 -0.853 6.227 20
6.952 -0.764 6.04 20
6.864 -0.706 5.825 20
6.746 -0.617 5.57 20
6.57 -0.5 5.736 20
6.766 -0.411 5.903 20
6.992 -0.382 6.344 20
7.001 -0.343 6.315 20
6.845 -0.323 6.374 21
6.786 -0.274 6.129 19
6.864 -0.245 6.089 20
6.992 -0.039 6.256 20
6.982 -0.078 6.286 20
6.943 0.068 6.325 20
7.011 -0.049 5.942 20
6.982 0.235 6.158 20
7.06 0.382 6.158 20
6.923 0.421 6.05 20
6.786 0.588 6.089 20
6.511 0.735 6.099 20
6.766 0.725 6.06 20
6.717 0.862 6.207 20
6.57 1.108 6.305 21
6.266 1.196 6.06 19
6.295 1.235 5.864 20
6.031 1.569 5.972 20
5.942 1.588 6.423 20
6.05 1.608 6.943 20
5.864 1.676 7.011 20
5.687 1.725 6.952 20
5.491 1.794 6.894 20
5.285 2.0 7.031 20
5.089 2.098 7.109 20
4.746 2.265 7.766 20
4.609 2.255 8.08 20
4.609 2.216 7.56 40
4.305 2.353 7.188 20
4.069 2.471 7.247 20
4.04 2.657 7.521 20
3.863 2.706 7.845 20
3.697 2.785 7.884 20
3.451 2.794 7.6 20
3.246 2.834 7.433 20
3.03 2.883 7.806 20
2.853 2.991 7.962 20
2.883 2.991 8.237 20
2.647 2.922 8.306 20
2.275 2.991 8.198 20
2.069 2.902 8.276 20
1.833 2.961 8.394 20
1.657 2.951 8.512 20
1.402 2.932 8.669 20
1.235 2.853 8.482 20
0.931 2.843 8.365 20
0.774 2.853 8.649 20
0.558 2.883 9.159 21
0.362 2.804 8.865 19
0.205 2.765 8.541 20
0.107 2.706 8.355 22
-0.264 2.657 8.953 18
-0.47 2.677 8.718 20
-0.715 2.647 8.227 20
-0.843 2.481 8.198 20
-1.01 2.412 8.894 24
-1.255 2.422 9.845 16
-1.431 2.383 9.581 20
-1.559 2.373 9.218 20
-1.892 2.392 8.825 20
-2.069 2.402 8.482 20
-2.137 2.363 8.423 20
-2.245 2.235 8.806 20
-2.549 2.284 8.904 20
-2.804 2.177 8.492 21
-2.873 1.922 8.433 19
-3.138 1.882 8.659 20
-3.255 1.922 8.62 20
-3.334 1.725 8.051 20
-3.697 1.794 7.962 20
-3.952 1.814 8.325 20
-4.216 1.735 8.433 20
-4.471 1.745 8.433 20
-4.844 1.755 8.708 20
-5.128 1.559 8.237 20
-5.217 1.529 7.708 20
-5.364 1.569 7.315 20
-5.57 1.559 7.08 20
-5.668 1.51 7.001 20
-5.403 1.372 7.07 20
-5.56 1.294 7.237 20
-6.07 1.323 7.923 20
-6.187 1.147 7.649 20
-6.384 1.274 7.404 20
-6.403 1.225 7.129 20
-6.472 1.117 6.648 20
-6.639 1.196 6.776 20
-6.805 1.216 6.992 20
-6.874 1.294 6.962 20
-6.825 1.176 6.884 20
-6.874 1.098 6.884 20
-6.923 1.098 7.139 40
-6.825 1.166 6.864 20
-6.737 1.078 6.57 20
-6.678 1.019 6.786 20
-6.668 1.068 6.952 20
-6.707 0.961 7.354 20
-6.58 0.813 7.58 20
-6.374 0.813 7.129 20
-6.266 0.941 7.178 20
-6.089 0.823 7.06 20
-5.982 0.745 7.119 20
-6.06 0.794 7.011 20
-6.148 0.745 7.404 20
-6.06 0.745 7.59 20
-5.883 0.696 7.757 20
-5.854 0.588 8.012 20
-5.638 0.578 7.982 20
-5.423 0.47 7.394 20
-5.452 0.509 7.619 20
-5.491 0.47 7.806 20
-5.364 0.362 7.884 20
-5.217 0.254 7.884 20
-5.315 0.156 7.972 20
-5.256 0.078 8.012 20
-5.226 0.029 7.874 20
-5.099 -0.147 8.237 20
-4.844 -0.235 8.208 20
-4.864 -0.304 8.355 20
-4.677 -0.382 8.394 20
-4.383 -0.284 8.767 20
-4.265 -0.196 8.629 20
-4.334 -0.304 8.423 20
-4.511 -0.666 8.61 20
-4.481 -0.755 8.629 20
-4.059 -0.843 8.825 22
-3.961 -1.01 9.316 18
-3.824 -1.068 9.188 20
-3.687 -1.225 9.179 20
-3.667 -1.294 9.061 20
-3.353 -1.49 8.678 20
-3.285 -1.5 8.796 20
-2.961 -1.618 9.071 20
-2.883 -1.627 9.237 20
-2.667 -1.676 8.845 20
-2.696 -1.765 8.757 20
-2.5 -1.931 8.816 20
-2.177 -2.039 8.757 20
-1.775 -2.137 8.737 20
-1.873 -2.186 8.884 20
-1.99 -2.275 9.12 20
-1.314 -2.559 9.071 20
-1.255 -2.569 8.904 20
-0.902 -2.588 8.816 20
-0.823 -2.745 8.816 20
-1.068 -2.834 8.718 20
-1.196 -2.971 8.59 20
-0.804 -3.128 8.521 20
-0.402 -3.167 8.62 20
-0.019 -3.128 9.071 20
-0.009 -3.314 9.071 20
0.068 -3.569 8.953 20
-0.049 -3.628 9.129 20
0.205 -3.952 8.688 20
0.205 -4.069 8.649 20
0.372 -4.069 8.649 20
0.872 -4.089 8.796 20
1.235 -4.108 9.031 20
1.382 -4.226 8.806 20
1.539 -4.373 8.6 20
1.686 -4.628 8.345 20
1.804 -4.687 8.021 20
2.333 -4.687 8.031 20
2.696 -4.658 7.884 20
2.892 -4.638 7.256 20
2.981 -4.599 7.178 20
3.295 -4.667 7.139 20
3.451 -4.667 7.227 20
3.569 -4.903 6.913 20
3.579 -5.128 6.433 20
4.148 -5.07 6.335 20
4.628 -4.942 6.923 20
4.697 -4.893 6.629 20
4.697 -4.922 6.129 20
4.893 -5.07 5.766 20
5.079 -5.04 5.648 20
5.687 -4.815 5.687 20
5.991 -4.736 5.933 20
6.021 -4.756 5.491 20
5.933 -4.648 5.099 20
6.109 -4.579 4.716 20
6.472 -4.432 4.756 20
6.776 -4.246 4.991 20
7.09 -4.099 4.883 20
7.188 -4.079 4.746 20
6.854 -3.942 4.403 20
6.805 -3.814 3.775 20
7.266 -3.697 3.854 20
7.57 -3.589 4.04 20
7.717 -3.481 4.099 20
7.992 -3.383 3.971 20
7.913 -3.402 3.206 20
8.031 -3.255 2.922 20
8.325 -2.922 3.373 20
8.443 -2.588 3.334 20
8.453 -2.451 2.892 20
8.247 -2.167 2.079 20
8.208 -1.99 2.245 20
8.394 -1.735 2.726 20
8.492 -1.608 3.04 20
8.443 -1.48 3.0 20
8.62 -1.314 2.726 20
8.669 -1.0 3.079 20
8.669 -0.598 3.697 20
8.541 -0.608 3.393 20
8.267 -0.294 3.216 20
8.257 -0.029 2.971 20
8.62 0.215 2.971 20
8.639 0.519 3.589 20
8.58 0.755 3.844 20
8.404 0.833 3.451 20
8.07 1.01 3.295 20
7.717 1.402 3.265 20
7.796 1.627 3.285 20
8.551 1.539 3.108 20
8.217 1.824 3.795 20
7.717 1.951 3.854 20
7.531 2.186 3.804 20
7.531 2.647 3.648 20
7.462 2.647 3.648 20
7.217 2.637 4.059 20
6.727 2.814 4.511 20
6.325 3.138 5.275 20
6.462 3.206 5.374 20
6.403 3.138 4.756 20
6.766 3.079 4.795 20
6.854 2.981 5.295 20
6.629 3.03 6.237 20
6.119 3.334 7.511 20
5.795 3.353 7.315 22
5.285 3.089 6.011 18
4.667 3.226 6.648 24
4.648 3.589 7.943 36
4.462 3.559 8.698 23
4.059 3.5 7.953 17
3.775 3.353 6.629 20
3.491 3.226 6.129 20
3.02 3.471 6.609 22
2.853 3.471 7.178 22
2.883 3.491 7.609 16
2.539 3.53 8.031 20
2.304 3.53 7.992 20
2.049 3.196 8.963 22
2.059 3.255 9.257 18
2.02 3.108 8.492 20
1.657 3.177 8.276 20
1.186 3.069 9.688 20
1.108 3.04 10.218 20
1.284 2.824 9.139 20
1.0 2.736 8.443 20
0.568 2.549 7.972 20
0.176 2.559 9.561 20
-0.068 2.481 10.198 20
-0.245 2.294 9.532 20
-0.509 2.157 8.384 20
-1.0 2.226 7.972 20
-1.294 2.079 9.188 20
-1.431 2.186 10.032 20
-1.627 2.098 9.326 20
-2.0 1.912 8.453 20
-2.324 1.853 8.051 20
-2.304 1.725 8.776 20
-2.569 1.647 9.659 21
-2.765 1.578 9.483 19
-2.892 1.5 8.924 20
-3.138 1.47 8.002 20
-3.481 1.284 8.08 20
-3.608 1.294 9.11 21
-3.667 1.196 8.875 19
-3.922 1.068 8.531 20
-4.216 0.98 8.129 20
-4.422 0.98 8.247 20
-4.52 0.862 8.453 20
-4.589 0.794 8.374 20
-4.766 0.657 7.884 20
-5.079 0.578 7.708 20
-5.334 0.46 7.806 20
-5.481 0.411 7.766 20
-5.629 0.284 7.56 20
-5.717 0.215 7.472 20
-5.776 0.117 7.521 20
-5.776 0.117 7.806 20
-5.942 -0.098 7.806 20
-6.286 0.0 8.316 20
-6.364 -0.049 7.874 20
-6.344 -0.245 6.962 20
-6.344 -0.294 6.442 20
-6.344 -0.382 6.256 20
-6.335 -0.421 6.717 20
-6.384 -0.411 7.237 20
-6.295 -0.539 7.237 20
-6.286 -0.696 7.07 20
-7.453 -0.5 8.208 20
-6.05 -1.01 6.06 20
-6.56 -0.784 6.805 20
-6.903 -0.774 7.011 22
-6.619 -1.039 6.599 18
-6.697 -1.098 6.482 20
-6.776 -1.284 6.315 20
-6.982 -1.255 6.217 20
-7.129 -1.245 6.246 20
-7.158 -1.402 6.423 20
-7.247 -1.47 6.501 20
-7.266 -1.578 6.541 20
-7.443 -1.51 6.629 20
-7.433 -1.637 6.609 20
-7.374 -1.716 6.207 20
-7.404 -1.725 6.178 20
-7.462 -1.706 6.237 20
-7.472 -1.824 6.04 20
-7.58 -1.892 6.256 20
-7.541 -1.902 6.315 20
-7.345 -2.059 6.237 20
-7.345 -2.049 6.364 20
-7.472 -2.039 6.374 20
-7.433 -2.0 6.619 20
-7.247 -1.951 6.393 20
-7.207 -2.147 6.031 20
-7.266 -2.216 6.07 20
-7.237 -2.294 6.119 20
-7.09 -2.353 5.736 20
-7.1 -2.402 6.04 20
-7.031 -2.5 6.433 20
-6.658 -2.559 6.452 20
-6.668 -2.52 6.58 20
-6.688 -2.451 6.55 20
-6.668 -2.49 6.511 20
-6.796 -2.471 6.58 20
-6.913 -2.422 6.805 20
-6.825 -2.432 6.648 20
-6.678 -2.461 6.786 20
-6.59 -2.451 7.011 24
-6.413 -2.451 6.776 16
-6.354 -2.52 6.913 20
-6.325 -2.559 6.992 20
-6.305 -2.569 7.266 20
-6.276 -2.461 7.247 23
-5.972 -2.569 7.011 17
-5.962 -2.559 7.07 20
-5.923 -2.628 7.433 20
-5.736 -2.579 7.639 20
-5.481 -2.569 7.747 20
-5.305 -2.588 7.747 20
-5.217 -2.667 7.913 20
-5.148 -2.716 7.815 20
-5.148 -2.755 8.031 20
-5.119 -2.755 8.031 20
-4.922 -2.716 8.237 20
-4.824 -2.706 8.168 20
-4.697 -2.637 8.247 20
-4.354 -2.637 8.012 21
-4.158 -2.598 8.1 19
-4.04 -2.569 8.061 20
-4.02 -2.451 8.139 20
-3.991 -2.53 8.149 20
-3.854 -2.412 8.521 22
-3.618 -2.481 8.649 18
-3.393 -2.5 8.433 20
-3.314 -2.549 8.472 20
-3.216 -2.539 8.708 20
-3.03 -2.569 8.884 20
-2.912 -2.53 8.943 20
-2.598 -2.51 9.12 20
-2.324 -2.569 9.159 20
-2.147 -2.451 9.414 20
-1.961 -2.481 9.277 21
-1.725 -2.441 9.061 19
-1.49 -2.294 8.982 20
-1.265 -2.353 9.1 20
-0.853 -2.275 9.228 20
-0.49 -2.265 9.139 20
-0.205 -2.255 8.776 20
0.029 -2.383 8.58 20
0.215 -2.451 8.502 20
0.676 -2.402 8.629 20
0.961 -2.392 8.718 20
1.117 -2.392 8.482 20
1.372 -2.481 8.365 20
1.559 -2.5 8.639 20
1.725 -2.637 8.669 20
1.824 -2.726 8.767 20
1.706 -2.853 8.639 20
2.01 -2.883 7.962 20
2.402 -2.863 8.217 20
2.941 -2.873 8.031 20
3.128 -3.03 7.943 20
3.393 -3.089 8.021 20
3.491 -3.265 7.884 20
3.795 -3.285 7.717 20
3.932 -3.393 7.59 20
3.952 -3.353 7.6 20
4.001 -3.422 7.384 20
4.236 -3.628 7.001 20
4.275 -3.648 6.992 20
4.618 -3.648 7.08 20
4.785 -3.589 7.168 20
5.001 -3.648 7.011 20
5.011 -3.814 6.992 20
5.158 -3.804 6.766 20
5.236 -3.814 6.472 20
5.226 -3.765 6.521 20
5.403 -3.814 6.452 20
5.54 -3.795 6.344 20
5.982 -3.854 6.148 20
5.982 -3.804 6.148 20
6.119 -3.716 5.521 20
6.129 -3.648 5.501 20
5.697 -3.54 5.638 20
5.668 -3.599 5.727 20
5.668 -3.736 5.462 20
5.982 -3.736 5.462 20
6.04 -3.697 5.903 20
6.129 -3.569 6.109 20
6.295 -3.628 5.893 20
5.991 -3.569 6.452 20
5.795 -3.422 6.354 20
5.619 -3.402 6.187 20
5.53 -3.128 6.923 20
6.06 -2.971 6.982 21
6.08 -2.941 7.08 19
5.383 -2.687 7.56 20
5.266 -2.49 7.394 20
5.187 -2.128 7.158 20
5.148 -1.902 7.413 20
5.246 -1.775 7.815 20
4.873 -1.529 7.864 20
4.667 -1.235 7.796 20
3.755 -1.0 7.884 20
3.383 -0.411 9.12 20
2.294 -0.294 6.972 20
2.569 -0.127 7.658 20
1.931 0.186 7.502 20
1.99 0.372 7.6 20
1.353 0.402 8.257 20
0.843 0.735 8.825 20
0.813 0.715 9.169 20
0.353 0.686 9.433 20
0.009 0.715 9.512 20
-0.039 0.862 9.551 20
-0.735 0.539 10.414 20
-1.039 0.421 10.404 20
-1.039 0.48 10.12 20
-0.774 0.853 9.414 20
-0.755 1.147 8.845 20
-1.235 1.569 8.62 20
-1.166 0.5 9.561 20
-1.363 1.99 9.787 20
-0.921 1.941 9.022 20
-1.049 1.539 9.414 20
-1.108 1.657 8.806 20
-0.912 1.166 9.031 20
-1.216 0.804 10.071 20
-1.294 0.539 10.228 20
-1.137 0.156 10.346 20
-1.637 0.558 9.218 21
-1.686 1.274 9.022 19
-1.559 0.862 9.541 20
-1.294 0.392 9.894 20
-1.343 0.362 9.747 20
-1.323 0.519 9.09 20
-1.108 0.725 8.325 20
-1.019 0.755 8.786 20
-1.019 0.686 9.326 20
-1.049 0.627 8.982 20
-1.059 0.696 8.953 20
-0.912 0.578 9.051 20
-0.823 0.686 9.1 20
-0.843 0.755 9.08 20
-0.921 0.715 8.816 20
-1.019 0.647 8.855 20
-1.049 0.451 10.012 20
-1.402 0.549 10.296 20
-1.372 0.598 10.375 20
-1.372 0.696 9.022 20
-1.137 0.696 9.022 20
-1.068 0.735 8.649 20
-1.157 0.764 8.865 20
-1.019 0.823 9.012 20
-1.147 0.608 9.188 20
-1.441 0.951 9.679 20
-1.588 0.205 10.365 20
-1.402 0.558 9.679 21
-1.019 0.804 8.914 19
-0.941 0.706 8.737 20
-0.951 0.715 8.875 20
-1.098 0.676 9.09 20
-1.078 0.657 9.041 20
-1.029 0.725 9.267 20
-1.068 0.706 9.355 20
-1.235 0.627 9.139 20
-1.186 0.539 9.198 20
-1.225 0.647 9.443 20
-1.186 0.666 9.669 20
-1.255 0.588 9.541 20
-1.196 0.686 9.08 20
-1.127 0.627 9.061 21
-1.166 0.686 9.208 19
-1.108 0.666 9.179 20
-1.088 0.657 9.267 20
-1.0 0.627 9.228 20
-1.078 0.666 8.953 20
-1.01 0.657 8.982 20
-1.049 0.588 9.159 20
-1.137 0.627 9.296 20
-1.039 0.676 8.933 20
-1.059 0.627 9.316 20
-1.108 0.666 9.404 20
-1.029 0.735 9.296 20
-1.01 0.755 9.306 20
-1.127 0.912 9.247 20
-1.176 0.892 9.12 20
-1.029 0.833 9.041 20
-1.059 0.882 9.228 20
-1.049 0.931 9.561 20
-1.108 1.068 9.512 20
-1.127 1.216 9.11 20
-1.049 1.206 8.933 20
-1.098 1.127 8.698 20
-1.245 1.235 8.531 20
-1.412 1.549 8.561 20
-1.608 1.627 8.521 20
-1.794 1.647 8.443 20
-2.108 1.598 8.404 21
-2.216 1.539 11.13 19
-3.138 1.421 10.591 20
-2.373 1.755 7.266 20
-2.383 1.824 7.825 20
-2.383 1.304 8.414 20
-2.471 1.323 8.708 20
-2.892 1.392 9.08 20
-3.03 1.265 9.561 20
-3.216 1.353 10.777 20
-2.892 1.382 9.757 20
-2.49 1.353 9.541 20
-1.833 1.52 9.1 20
-1.343 1.637 8.463 20
# end
#Tue Jun 10 15:50:09 IST 2014