# Accelerometer Values
# filename:  default__1.txt
# Saving start time: Tue Jun 10 16:36:16 IST 2014

# sensor resolution: 0.00980665m/s^2
#Sensorvendor: STMicroelectronics, name: ST 3-axis Accelerometer, type: 1,version : 1, range 19.6133

# X value, Y value, Z value, time diff in ms
0.127 1.392 8.718 21
0.068 1.421 8.924 19
0.068 1.421 9.061 21
0.098 1.49 9.061 19
0.107 1.48 8.767 21
0.088 1.52 9.022 19
0.205 1.372 9.414 20
0.196 1.294 9.61 21
0.147 1.314 9.384 20
0.098 1.372 9.169 20
0.029 1.343 9.139 20
0.019 1.294 9.188 19
-0.029 1.304 9.286 21
-0.019 1.314 9.414 20
0.0 1.353 9.129 19
0.147 1.284 8.992 20
0.156 1.265 8.992 20
0.098 1.314 9.257 21
0.029 1.323 9.365 21
0.009 1.255 9.228 19
0.039 1.294 9.257 19
0.0 1.294 9.443 21
0.009 1.314 9.414 20
0.078 1.245 9.237 19
0.058 1.274 9.247 21
0.019 1.274 9.296 20
0.0 1.314 9.237 20
0.088 1.225 9.159 19
0.098 1.235 9.149 20
0.029 1.245 9.09 21
0.098 1.245 9.002 21
0.107 1.196 9.11 18
0.107 1.225 9.09 20
0.117 1.225 9.11 21
0.137 1.225 9.218 20
0.137 1.235 9.453 19
0.029 1.265 9.649 20
-0.019 1.304 9.904 20
-0.029 1.304 9.934 21
0.0 1.343 9.816 23
0.088 1.323 9.61 16
0.107 1.294 9.502 21
0.039 1.265 9.806 20
0.098 1.216 10.414 19
0.137 1.147 10.914 21
0.274 1.157 11.209 19
0.333 1.068 11.179 21
0.392 0.813 11.424 20
0.274 0.755 12.219 19
0.304 0.657 12.689 20
0.284 0.519 12.523 21
0.451 0.382 12.611 19
0.333 0.598 12.719 20
0.147 0.657 11.728 20
0.088 0.853 10.502 23
0.343 0.696 9.983 17
0.323 0.853 9.188 20
0.215 1.216 8.11 20
0.186 1.265 6.599 21
-0.166 1.559 4.53 22
-0.147 1.637 3.236 17
-0.254 1.814 3.363 20
0.0 1.657 4.579 21
0.058 1.716 5.089 20
0.068 1.765 5.393 19
-0.245 1.912 5.236 20
-0.46 2.324 4.344 20
-0.392 2.196 3.991 21
-0.137 1.421 4.059 19
0.156 1.147 4.864 20
-0.088 1.392 6.776 20
-0.088 1.47 7.678 20
-0.117 1.412 7.521 20
-0.529 1.725 6.021 20
-0.608 1.588 4.922 20
0.225 1.088 5.354 20
0.637 0.558 6.835 20
0.372 0.823 5.864 20
0.176 0.892 6.776 21
-0.068 1.088 11.62 19
-0.068 1.088 14.249 20
0.882 -0.137 14.249 21
0.676 0.127 13.464 20
-0.294 0.833 14.866 20
-0.186 0.362 17.318 20
-0.009 0.304 18.279 20
-0.205 0.715 18.024 19
-0.372 1.01 17.259 20
0.176 1.039 14.592 21
0.323 0.931 12.562 19
0.676 0.46 12.209 20
0.735 -0.156 13.474 21
0.039 0.107 15.288 20
-0.215 -0.117 14.915 20
0.039 -0.431 13.405 19
0.166 -0.588 12.356 20
-0.186 -0.353 12.287 20
-0.647 -0.088 12.474 27
-0.568 -0.176 11.091 13
0.176 -0.254 9.139 20
0.509 0.0 8.227 20
0.147 0.647 7.678 20
0.039 1.049 5.864 20
0.117 1.421 3.785 21
0.343 1.48 2.814 19
-0.039 1.98 2.177 20
-0.166 2.039 1.667 20
-0.127 2.108 3.412 20
-0.137 2.049 4.53 21
-0.294 2.265 4.707 19
-0.372 2.294 4.158 20
-0.362 2.118 2.961 20
-0.137 1.618 2.677 21
-0.294 1.47 3.373 19
-0.284 1.421 5.079 20
-0.147 1.186 6.217 21
-0.098 0.823 6.737 19
-0.313 0.97 6.109 21
-0.205 1.039 5.354 20
1.039 0.755 5.491 19
0.392 0.735 9.247 20
-0.245 1.245 9.286 20
-0.039 0.696 9.08 20
0.872 0.019 9.12 20
1.392 0.568 10.669 20
0.313 0.696 12.199 20
0.725 -0.215 14.474 21
1.157 -0.833 17.612 20
0.304 -0.323 18.23 19
-0.215 0.147 17.24 20
0.107 -0.156 16.239 21
0.509 -0.215 15.416 20
0.558 -0.107 15.18 19
0.323 0.0 15.053 21
0.0 -0.058 14.366 20
0.627 -0.774 14.072 20
0.666 -0.745 14.69 19
0.039 -0.745 14.298 20
-0.421 -0.637 12.993 20
-0.304 -0.902 11.875 20
-0.372 -1.019 10.659 21
-0.441 -1.137 10.159 20
-0.225 -0.264 10.189 20
0.049 0.235 9.159 20
0.362 0.813 7.6 19
0.235 1.304 6.001 21
0.235 1.235 4.815 20
0.196 1.392 3.285 19
0.205 1.5 2.696 20
0.186 1.765 2.167 20
-0.127 1.716 2.304 21
-0.598 2.029 2.843 19
-0.431 1.833 3.52 21
-0.274 1.931 4.138 20
-0.117 1.529 4.834 19
-0.117 1.157 4.942 21
0.0 0.99 4.883 19
0.254 1.372 5.148 20
0.5 1.451 5.933 21
0.5 1.451 5.942 19
0.353 0.931 5.942 20
0.019 0.774 5.57 20
-0.313 1.216 5.668 21
-0.49 1.343 5.53 20
-0.235 1.088 6.58 20
-0.304 1.088 7.806 20
-0.431 1.294 8.394 19
-0.009 0.843 8.669 20
0.666 0.196 10.473 20
0.294 0.313 13.189 21
0.706 -0.078 15.867 20
1.265 0.058 16.769 20
1.098 0.107 17.043 20
1.235 0.029 17.014 19
1.392 -0.294 17.191 21
1.608 -0.529 17.504 20
0.892 -0.245 17.691 20
0.225 -0.313 17.024 19
0.411 -0.951 16.72 21
0.813 -1.402 16.416 19
0.304 -0.99 16.102 20
-0.156 -0.951 15.151 20
0.068 -1.216 12.856 20
0.333 -0.882 9.63 21
0.137 -0.49 8.433 20
0.294 -0.147 7.394 19
0.254 0.274 5.648 20
0.127 1.255 4.628 23
0.5 1.392 3.638 18
0.176 2.059 2.079 19
-0.294 2.373 0.333 21
-0.205 2.373 -0.568 20
0.0 2.206 -0.313 19
0.147 2.52 1.725 21
-0.539 3.187 5.148 20
-0.696 2.481 3.481 20
-0.137 1.667 2.314 19
0.294 1.206 4.305 21
0.421 1.833 6.138 19
-0.058 2.235 6.854 21
-0.333 1.843 6.178 20
-0.039 1.137 4.471 20
0.49 1.49 5.53 20
0.441 1.265 7.6 19
-1.0 1.265 6.393 20
-0.421 0.794 5.089 20
0.98 0.353 7.433 21
1.039 0.5 10.316 19
0.019 0.5 11.012 20
1.235 -0.745 13.68 20
2.186 -1.578 19.142 21
1.343 -0.843 19.27 19
0.519 -0.254 19.142 23
0.304 0.117 17.857 18
0.921 0.225 18.367 19
0.647 0.254 18.642 20
0.441 0.156 16.386 20
0.764 -0.343 13.778 20
0.823 -0.539 13.856 20
0.343 -0.421 15.818 21
0.235 -0.382 16.131 20
0.186 -0.323 13.611 20
0.323 0.0 10.346 19
0.313 0.304 8.767 20
0.411 0.49 8.482 21
0.686 0.931 7.923 20
0.47 1.108 6.727 20
0.441 0.99 4.108 19
0.254 1.314 1.833 20
-0.235 2.088 0.892 21
-0.353 2.736 0.951 19
-0.47 2.932 1.588 20
-0.127 2.363 1.882 20
0.0 2.098 2.5 20
-0.205 2.324 3.755 20
-0.617 2.579 3.442 20
-0.617 2.0 3.442 20
-0.333 2.0 3.442 23
-0.058 1.559 4.265 17
0.294 1.598 5.344 21
0.147 2.069 6.04 19
0.372 1.98 5.844 21
0.735 1.186 4.569 19
0.294 1.284 4.756 20
-0.166 1.912 5.462 21
-0.676 1.784 4.854 19
0.078 0.921 4.305 20
1.255 0.48 6.462 20
0.892 1.108 10.081 20
0.421 1.294 12.326 20
0.98 0.372 15.896 21
1.059 -0.068 19.27 19
0.323 0.862 19.27 21
-0.176 1.51 19.27 19
0.343 1.314 18.495 20
0.333 1.108 18.299 21
0.215 1.323 16.955 20
-0.088 1.245 14.533 20
0.647 0.715 13.219 20
0.804 0.205 14.327 20
0.666 -0.421 16.063 19
0.549 -0.666 15.749 21
0.147 -0.647 14.2 20
-0.098 -0.598 12.444 19
0.078 -0.627 10.934 21
0.205 -0.519 10.002 20
-0.186 -0.058 8.384 19
-0.304 0.127 6.305 21
0.029 0.392 3.883 19
0.098 0.666 2.5 21
0.117 1.461 1.314 20
-0.274 2.137 0.774 19
-0.48 2.49 0.706 20
-0.558 2.333 0.411 20
-0.353 2.667 0.706 24
-0.304 2.814 1.353 17
-0.127 2.991 2.118 20
0.205 2.383 2.804 20
0.176 1.745 3.255 20
-0.196 1.667 3.657 19
-0.254 1.686 4.942 21
0.039 1.421 5.913 19
0.039 1.235 6.55 20
0.098 0.892 5.825 20
-0.156 0.794 5.011 20
0.362 0.657 5.844 20
0.46 0.411 8.855 21
0.617 0.009 12.385 19
0.617 -0.058 13.474 21
-0.215 0.235 12.709 19
0.137 -0.078 16.759 20
0.294 -0.539 19.27 21
-0.117 -0.509 19.27 20
-0.902 0.068 19.27 19
-0.529 0.323 19.27 20
-0.098 0.362 18.613 20
-0.078 -0.362 17.2 20
-0.284 -0.676 17.151 20
-0.353 -0.706 17.701 20
-0.568 -0.764 16.416 20
-0.46 -1.078 13.366 20
-0.411 -0.823 10.826 20
-0.441 -0.431 9.071 20
-0.715 -0.029 7.492 21
-0.245 0.509 4.746 19
-0.245 0.48 3.216 20
0.107 0.617 1.294 20
-0.127 1.657 0.5 20
-0.323 2.294 -0.362 21
0.088 2.569 -0.804 20
0.019 2.343 0.392 19
-0.294 3.206 1.431 20
-0.127 3.304 1.765 21
0.068 2.637 2.137 20
0.068 1.833 1.814 19
-0.186 1.833 1.814 20
-0.254 1.421 1.372 20
0.019 1.372 2.951 21
-0.137 1.833 6.384 20
0.058 1.588 6.266 19
-0.392 1.255 4.53 20
-0.304 1.157 3.912 21
0.147 1.245 5.511 19
0.284 0.657 8.355 21
0.872 -0.156 11.915 19
0.902 -0.205 16.043 21
0.696 0.333 18.789 19
0.068 -0.166 19.27 20
-0.068 -0.254 19.27 21
-0.029 0.049 19.27 19
-1.0 0.372 19.27 20
-0.304 0.088 19.27 20
0.156 -0.215 16.063 20
-0.156 -0.509 13.435 21
-0.215 -0.245 14.268 19
-0.902 -0.264 14.543 20
-0.647 -0.529 12.523 20
-0.127 -0.568 9.747 20
-0.323 -0.225 8.551 21
-0.647 0.107 8.09 20
-0.245 0.304 7.05 20
0.068 0.637 5.148 19
0.0 1.127 3.893 20
-0.019 1.657 3.069 20
0.107 1.765 2.383 20
-0.068 2.039 1.549 20
-0.196 2.235 1.147 21
-0.186 2.157 1.274 19
-0.294 2.667 2.059 20
-0.47 3.216 3.216 20
-0.598 3.167 3.069 21
-0.294 2.079 2.412 19
-0.117 1.461 2.5 20
-0.294 1.912 5.364 20
-0.264 2.216 9.492 20
-0.421 2.088 11.012 20
-0.284 1.657 9.581 20
0.0 1.549 9.022 20
0.205 1.5 9.934 20
0.0 1.559 11.758 20
-0.137 1.431 11.875 20
-0.098 1.382 10.806 20
0.127 1.245 9.924 21
0.019 1.569 9.836 19
-0.078 1.529 10.189 21
-0.245 1.392 9.345 19
-0.666 1.873 8.875 20
-0.657 1.961 9.355 20
0.088 1.637 9.738 20
0.402 1.539 10.551 21
0.304 1.608 10.473 20
0.117 1.608 9.502 19
0.245 1.47 9.943 21
0.304 1.49 10.816 19
0.098 1.49 10.836 21
0.245 1.274 10.316 20
0.353 1.019 10.071 20
0.451 0.941 11.11 19
0.294 0.882 11.091 21
0.274 0.921 10.483 20
0.284 0.853 10.434 20
0.519 0.843 10.826 19
0.372 0.912 10.385 20
0.304 0.98 10.071 21
0.313 0.813 10.032 19
0.225 0.833 10.473 21
0.294 0.853 10.797 19
0.362 0.627 11.63 20
0.274 0.568 12.846 20
0.147 0.774 12.876 20
-0.107 1.019 10.522 21
-0.049 1.412 7.531 19
-0.049 1.412 5.658 20
-0.039 1.618 5.658 20
0.333 1.569 4.334 20
0.088 1.47 3.049 20
0.039 1.284 3.5 20
0.225 0.823 5.285 20
0.362 0.784 8.904 20
0.411 0.774 13.807 20
0.196 0.862 16.72 20
0.176 0.99 17.877 20
0.343 1.098 14.935 20
0.853 0.706 11.159 20
0.745 0.97 8.982 21
0.48 0.98 8.688 19
0.284 1.059 7.786 20
0.225 1.225 5.678 20
0.205 1.265 3.344 21
0.088 1.539 1.696 19
-0.264 1.706 0.774 20
-0.147 1.235 1.598 21
0.235 0.578 4.618 20
0.166 0.657 10.718 19
0.637 0.823 17.475 20
-0.205 0.147 19.27 20
-1.029 0.47 19.162 21
0.049 1.088 15.514 19
0.892 0.706 11.483 20
0.921 0.833 7.825 20
0.627 1.108 5.354 21
0.304 1.382 4.569 19
0.098 1.775 3.961 20
0.009 1.716 3.236 22
-0.245 1.51 2.137 19
-0.235 1.01 2.794 19
0.323 0.47 6.668 21
0.313 0.451 14.023 19
0.431 0.107 19.27 20
0.264 0.353 19.27 21
0.0 1.088 17.475 19
0.637 0.794 11.101 20
0.725 0.872 6.138 20
0.657 1.137 4.059 21
0.264 1.353 3.854 20
0.098 1.529 3.883 19
-0.117 1.49 2.932 20
-0.156 1.245 1.892 21
-0.147 0.853 2.383 19
0.215 0.137 6.501 20
0.421 -0.166 13.964 20
0.147 -0.196 19.27 21
-0.225 0.362 19.27 20
-0.608 1.108 19.005 19
0.46 0.892 12.797 20
0.715 1.068 7.629 20
0.912 1.117 4.893 21
0.647 1.284 4.187 19
0.304 1.529 3.814 21
0.049 1.588 2.667 19
-0.274 1.47 0.98 20
-0.137 0.853 0.745 21
-0.049 0.304 2.883 19
0.215 0.009 9.414 20
-0.353 0.009 17.249 20
0.078 -0.186 19.27 20
-0.804 -0.029 19.27 20
-0.578 1.078 17.975 21
0.588 0.853 10.865 20
0.941 1.098 6.06 20
0.608 1.392 3.991 19
0.068 1.47 3.863 20
-0.156 1.686 3.765 21
-0.186 1.569 2.069 19
-0.274 1.372 0.774 20
-0.274 0.823 1.559 21
0.0 -0.029 6.894 20
-0.029 -0.353 14.553 19
-0.441 -0.117 19.27 20
-0.313 -0.215 19.27 21
-0.313 -0.215 19.083 19
0.254 0.764 13.425 21
0.549 0.725 7.688 40
0.706 1.068 3.961 20
0.637 1.225 2.706 19
0.196 1.441 3.167 20
-0.098 1.549 3.098 21
-0.254 1.363 2.255 19
-0.333 0.97 3.412 20
-0.049 0.304 7.335 20
-0.176 -0.186 13.797 21
-0.5 -0.127 19.26 19
-0.411 0.176 19.27 20
-0.245 0.862 17.553 21
0.647 0.862 11.14 20
0.657 1.127 6.374 20
0.49 1.363 4.305 20
0.382 1.5 3.559 20
0.402 1.676 3.147 19
-0.078 1.578 2.049 20
-0.186 1.245 1.578 21
-0.009 0.392 3.618 20
0.058 -0.529 10.032 19
-0.156 -0.558 17.799 20
-0.715 -0.304 19.27 21
-0.745 0.558 19.27 20
0.225 0.882 13.846 19
0.49 0.912 7.874 20
0.578 1.274 4.511 20
0.294 1.627 3.981 20
0.019 1.745 3.844 24
-0.009 1.706 2.52 17
-0.215 1.304 1.735 19
0.068 0.755 3.285 20
0.343 -0.039 8.61 20
-0.029 -0.509 15.612 20
-0.049 -0.451 19.27 20
-0.098 0.245 19.27 21
0.323 0.696 15.68 20
0.823 0.568 8.58 19
0.921 0.794 4.256 21
0.549 1.216 3.187 20
0.156 1.431 3.51 19
0.0 1.52 2.539 20
-0.127 1.216 1.029 20
0.039 0.627 0.706 20
0.0 0.343 4.922 20
0.519 -0.5 10.865 21
0.205 -0.833 17.524 19
-0.068 0.843 19.27 21
1.706 0.666 16.308 20
1.951 0.774 14.906 19
1.372 0.755 12.836 20
1.068 0.539 11.787 21
0.804 0.402 11.924 21
0.98 0.431 13.131 18
0.294 0.774 13.013 21
0.353 1.088 12.287 19
0.176 1.255 12.356 20
0.039 1.01 11.571 20
-0.519 1.019 10.395 20
-0.098 0.961 10.336 20
-0.451 1.098 10.551 21
-0.411 1.078 10.238 19
-0.225 1.078 9.365 20
-0.362 1.117 8.531 21
-0.058 1.304 7.698 20
-0.294 1.608 6.952 20
-0.127 1.5 5.933 19
-0.127 1.47 4.913 20
0.156 1.48 5.295 20
-0.127 1.637 6.384 21
-0.5 1.598 6.648 19
-0.411 1.706 6.217 20
-0.617 2.402 5.285 20
-0.598 2.892 3.461 20
-0.598 3.216 2.01 21
-0.323 3.216 2.01 19
-0.421 3.157 1.353 21
-0.313 1.853 1.755 19
-0.068 0.147 5.197 20
-0.274 -0.951 11.856 20
-0.843 -1.569 16.033 21
-1.255 -0.627 15.249 19
-0.137 0.961 12.601 23
0.068 2.51 10.13 19
-0.088 3.765 7.158 18
-0.127 3.55 5.325 20
-0.539 2.53 6.58 21
-0.725 0.784 11.513 19
-0.568 -0.127 15.347 21
-0.813 0.245 15.749 20
-0.186 1.108 11.983 19
-0.078 2.235 7.227 20
-0.029 3.049 2.677 20
0.451 3.01 1.225 20
-0.353 2.981 1.98 21
-0.647 1.441 5.275 19
-0.657 -0.186 11.003 20
-0.676 -0.294 17.475 20
-1.078 0.647 19.24 20
-0.676 1.431 14.886 20
-0.343 1.765 7.609 21
0.196 1.735 1.255 19
0.49 2.059 -1.588 20
0.686 1.892 1.147 21
0.058 1.01 6.413 19
-0.48 -0.098 11.071 21
-0.558 -0.588 18.22 19
-0.441 0.019 19.27 23
-0.274 1.108 18.877 18
0.166 1.431 12.425 20
0.029 1.775 5.128 19
0.284 2.079 0.156 20
0.49 1.814 -0.372 20
-0.127 2.108 2.245 20
-0.353 0.49 8.208 20
-0.608 -0.794 14.768 21
-0.882 -0.666 19.27 19
-0.156 0.421 19.103 20
0.431 1.441 13.297 21
0.539 2.716 6.511 19
0.088 3.344 0.441 20
0.225 3.187 -2.059 20
-0.98 2.245 -2.088 20
0.176 0.068 2.088 20
-0.539 -1.255 12.062 21
-0.676 -0.284 19.27 19
-0.598 -0.078 19.27 20
0.843 0.686 15.239 20
0.892 1.382 5.776 20
0.637 2.471 -0.205 20
1.402 2.5 -1.706 20
-1.127 2.745 -0.686 20
-0.47 1.461 5.168 20
-0.176 -1.323 13.268 21
-0.019 -1.461 19.181 20
-0.107 -0.088 19.27 19
0.274 1.461 14.101 20
0.107 2.49 7.502 20
-0.049 3.03 1.627 21
-0.107 3.402 -1.039 20
-0.068 2.186 1.608 20
-0.264 -0.058 7.551 19
0.029 -1.431 15.72 20
-0.284 -1.0 19.27 20
0.068 0.068 18.005 20
0.304 1.333 9.757 21
0.245 2.422 3.608 19
0.147 3.0 -0.961 20
-0.156 2.804 -1.627 21
-0.774 1.902 4.403 19
-0.902 -0.696 11.414 20
-0.902 -1.255 18.877 20
-0.323 -1.255 18.877 20
-0.313 -0.764 19.27 20
0.264 0.598 15.749 20
0.598 1.353 7.296 20
0.235 2.255 1.137 20
0.166 2.51 -1.892 21
-0.039 2.245 0.47 20
-0.5 0.529 8.58 19
-0.431 -0.539 14.092 20
0.0 -0.588 19.162 20
0.304 0.431 17.897 21
0.245 1.775 11.365 20
-0.019 3.01 5.275 20
-0.176 3.618 0.745 19
-0.372 3.373 0.5 20
-0.196 1.01 5.383 21
0.205 -1.794 12.091 19
0.215 -2.579 17.799 20
0.333 -1.255 18.995 21
0.49 0.657 14.141 19
-0.019 2.863 8.335 20
-0.323 4.295 2.696 20
-0.382 4.775 -0.921 21
0.009 3.265 -0.558 19
0.186 0.196 4.324 20
1.049 -3.187 14.778 20
-0.382 -2.392 19.27 20
0.421 -0.137 18.936 21
0.529 1.824 9.855 19
0.019 3.353 3.491 20
0.284 3.736 0.676 20
-0.902 4.001 -1.147 20
-0.941 2.216 0.107 20
0.823 -1.833 9.875 20
0.098 -1.824 18.995 20
-0.48 -0.362 19.27 20
0.333 1.127 14.523 20
0.294 2.353 7.374 21
-0.274 3.128 1.598 20
-0.539 3.02 -0.892 19
-0.098 1.882 2.902 20
-0.078 0.009 8.384 21
0.068 -1.676 15.68 19
0.029 -0.735 19.27 21
0.254 0.774 18.24 20
0.196 1.735 10.934 19
0.019 2.235 4.599 20
-0.264 2.579 -0.068 21
0.098 2.245 -1.569 20
-0.294 1.039 0.715 20
0.127 -1.078 7.511 19
-0.088 -1.245 17.926 20
-0.127 0.48 19.27 20
-0.137 1.196 19.211 20
0.176 1.157 12.552 21
0.353 1.451 5.325 19
-0.284 1.824 0.323 20
0.764 0.872 -2.333 20
-0.058 0.588 -1.971 20
-0.627 0.941 4.805 20
-0.549 -0.735 15.641 20
-0.088 -0.235 19.27 20
-0.117 1.235 19.27 20
0.215 1.265 15.327 20
0.304 1.5 8.472 20
-0.166 1.833 2.745 21
0.049 1.441 -1.265 20
0.323 1.186 -3.226 20
-1.01 1.392 3.147 19
-0.706 -0.872 16.867 20
0.284 -0.441 19.27 20
0.764 0.764 18.995 20
0.392 2.235 12.091 21
-0.696 2.971 4.932 20
-0.686 2.824 0.196 20
-0.451 2.275 -2.451 19
-0.451 2.275 -2.147 21
-0.411 1.824 4.128 20
0.431 -0.539 4.128 19
0.706 -1.186 12.444 21
0.245 0.176 16.504 19
0.274 1.147 12.336 20
0.137 1.461 8.659 21
-0.049 2.029 7.453 20
0.117 2.02 8.11 20
-0.058 1.824 8.512 20
-0.264 0.99 7.757 20
0.215 0.912 5.266 20
0.598 1.559 4.844 19
0.833 1.549 8.237 21
0.657 0.882 10.973 19
0.078 1.147 10.924 20
-0.156 0.833 10.551 21
0.411 0.951 10.669 19
-0.058 1.637 10.11 20
-0.362 1.598 8.737 20
0.235 1.166 8.061 20
1.147 0.588 9.963 20
0.274 1.117 9.659 20
-0.362 1.588 8.943 20
0.333 0.921 10.522 20
0.49 1.088 10.434 20
0.784 1.147 10.444 20
0.431 1.225 9.561 20
0.529 1.363 9.129 20
0.97 1.01 9.61 20
1.029 1.206 10.296 21
0.98 1.343 9.894 19
1.117 1.117 9.61 20
0.735 1.049 10.071 20
0.166 1.117 12.807 21
-0.009 1.176 14.043 20
0.284 1.186 13.748 20
0.411 1.343 12.395 20
0.774 1.314 11.924 20
0.637 1.333 10.689 20
0.735 1.098 8.227 19
0.823 1.029 6.168 20
0.343 0.97 4.913 21
-0.451 1.127 3.755 19
-0.715 0.813 2.579 20
-0.568 0.382 6.187 20
-0.304 -0.372 15.994 21
0.264 -0.225 19.27 19
0.205 0.794 18.142 20
0.451 1.323 10.326 20
0.715 1.157 4.834 20
0.225 1.166 1.961 21
-0.823 1.716 -0.588 19
-1.333 1.539 0.0 20
0.823 -0.392 12.532 20
0.813 -0.225 19.27 21
-1.098 0.862 19.27 20
0.382 1.363 12.395 19
0.98 1.382 4.383 20
0.529 1.52 1.117 21
-0.529 1.755 -0.961 20
-0.862 1.137 -0.313 20
-0.166 -0.127 11.032 19
0.186 -0.49 18.946 21
-0.666 0.402 19.27 20
0.147 1.343 14.258 19
0.284 1.392 7.639 20
-0.039 1.618 4.059 21
-0.333 1.686 1.441 19
-0.47 0.823 1.333 20
0.362 -0.696 10.836 20
0.166 -0.666 18.603 21
-0.049 0.402 19.26 20
0.568 0.931 13.288 19
0.284 1.529 6.001 21
-0.254 1.755 1.265 19
-0.254 1.755 -1.657 20
-1.029 2.5 -1.657 20
-0.5 0.235 -0.804 20
1.784 -1.725 17.259 20
-0.441 -0.451 19.27 20
0.48 0.058 18.436 20
1.029 0.853 8.414 20
0.519 1.608 2.775 20
0.323 2.059 -0.608 20
-1.01 1.49 -1.833 20
-0.205 0.608 11.493 21
0.843 -0.853 19.24 19
1.284 -0.137 19.27 20
0.539 1.333 12.287 20
0.627 1.559 5.579 20
0.176 1.441 1.843 20
-0.078 1.294 -0.058 20
-0.99 0.97 5.119 20
0.166 -1.019 18.005 21
0.323 -0.921 19.27 19
0.627 0.706 15.298 21
0.657 1.098 6.335 19
0.068 1.745 2.137 21
0.058 1.51 0.186 19
-0.715 1.098 0.009 20
-0.892 0.058 13.356 21
-0.323 -0.568 19.083 19
1.716 -0.961 19.25 20
0.823 1.147 12.287 20
0.392 1.794 6.207 21
0.225 1.412 2.343 20
-0.343 1.294 0.441 19
-1.382 1.382 2.196 21
-0.205 -1.255 14.543 19
-0.304 -1.49 19.27 20
-0.235 0.029 18.966 21
0.804 0.784 10.198 19
0.392 1.559 4.422 20
-0.039 1.814 0.804 20
-0.608 1.392 -1.686 20
-0.882 0.951 3.285 21
0.225 -1.48 16.122 19
-0.343 -1.098 19.27 20
0.99 0.088 17.22 20
-0.088 1.274 9.1 20
-0.225 2.186 3.432 20
-0.353 2.177 0.215 20
-0.029 1.784 -1.137 20
0.098 -0.402 6.845 20
-0.196 -1.539 16.494 21
-0.676 -1.421 19.27 20
-0.382 0.225 18.534 19
-0.098 1.49 9.218 20
0.039 1.755 2.333 21
-0.353 2.186 -0.588 20
0.411 1.775 -1.353 19
1.873 -0.441 9.492 20
-0.431 -2.0 18.76 21
0.127 -1.098 19.27 20
-0.127 1.147 13.503 19
-0.745 1.51 5.423 21
0.706 2.245 1.931 19
0.804 2.353 -0.304 20
-0.774 2.657 -1.186 21
0.156 0.666 13.003 20
-0.813 -1.5 17.24 19
1.343 -1.147 19.23 20
0.058 1.304 13.984 20
-0.441 1.588 8.09 20
-0.48 2.235 3.54 20
-0.392 2.392 1.784 20
0.549 1.461 4.462 20
0.029 -0.088 9.836 20
0.294 -1.059 14.925 20
0.961 -0.98 18.681 21
1.088 0.843 16.043 19
0.166 2.088 8.639 20
0.166 2.088 2.608 20
-0.657 2.726 2.588 21
0.284 1.902 -0.147 20
0.862 1.382 -0.46 19
-0.421 0.813 11.414 21
-1.735 -0.519 15.259 20
0.715 -1.775 16.435 19
0.225 0.519 14.67 21
0.225 1.725 11.228 20
0.068 2.461 6.609 20
-0.225 2.902 2.52 19
0.156 2.549 -0.039 21
-0.715 0.588 -0.98 20
-0.715 -1.637 9.561 19
0.46 -2.706 19.064 21
0.245 -2.098 19.27 19
-0.48 1.108 16.759 20
-0.333 2.029 6.482 20
-0.549 3.255 1.676 20
-0.774 3.373 -0.735 21
0.686 2.029 -1.716 19
0.362 -0.156 -3.785 20
1.206 -3.236 19.26 20
-1.824 -0.774 19.27 20
0.49 0.264 18.034 20
-0.196 1.078 11.395 21
-0.176 2.598 6.354 19
-0.323 3.226 3.618 20
-0.098 2.892 1.814 21
-0.519 1.294 0.794 20
-0.578 -1.833 14.052 19
-0.441 -1.765 17.916 21
0.088 -0.509 18.093 19
-0.205 1.323 11.375 21
-0.117 2.157 6.031 20
-0.804 2.922 3.432 20
-0.912 2.912 2.235 20
0.323 0.441 4.736 19
-0.304 -1.588 11.405 20
-0.254 -1.451 17.24 20
-0.441 -0.137 17.73 20
-0.48 1.353 11.434 20
-0.588 2.579 5.933 20
-0.833 3.442 2.608 20
-0.382 3.952 0.833 20
-0.078 2.775 -1.382 20
0.402 -1.382 9.806 20
-0.402 -2.981 17.436 22
0.215 -1.539 19.27 18
-0.549 -0.078 18.073 20
-0.039 1.676 10.502 20
-0.529 3.589 4.001 20
-1.137 3.765 1.049 20
-1.304 3.393 -1.412 20
0.176 0.353 -3.353 21
1.853 -3.52 17.573 19
-1.304 -2.481 19.27 20
-0.156 -0.392 19.27 22
-0.196 1.019 12.836 19
0.333 2.353 5.334 19
-0.009 3.324 2.029 20
-0.862 3.863 0.186 21
-0.961 2.912 -0.853 19
-0.441 0.284 0.235 21
0.166 -2.324 13.278 20
-0.411 -2.52 19.27 19
-0.304 0.235 19.27 20
-0.215 1.608 13.474 21
0.078 2.706 6.56 20
-0.088 3.402 2.559 19
-0.215 3.51 0.617 20
-0.019 2.481 -0.804 20
0.392 0.715 0.019 20
-0.362 -0.961 11.934 20
-0.137 -1.569 16.602 20
0.313 -0.245 19.25 20
-0.333 1.627 16.416 40
-0.078 2.834 10.836 20
-0.137 3.648 5.364 21
-0.49 3.589 1.902 19
-0.549 2.804 0.205 20
-0.029 0.078 1.912 21
0.294 -2.392 12.503 20
0.362 -2.706 19.27 20
0.107 0.078 19.25 19
0.333 1.559 13.209 21
0.049 2.49 6.737 19
-0.313 3.118 2.853 20
-0.46 3.059 0.745 21
-0.284 1.971 0.117 19
-0.156 0.46 3.51 20
-1.137 -1.588 13.945 20
-0.715 -1.941 19.27 20
0.529 -0.068 18.789 20
0.441 1.814 14.396 20
0.529 2.304 8.629 21
0.068 2.755 4.187 19
0.235 2.333 1.0 20
0.019 1.755 -1.068 20
-0.49 2.039 -1.549 21
-0.539 0.098 7.266 19
-0.892 -2.677 19.27 21
-1.559 -0.196 19.27 20
0.147 0.441 18.573 19
0.539 1.618 14.013 20
0.205 2.363 8.208 20
-0.137 2.02 3.246 20
0.245 1.431 0.725 21
-0.304 1.039 0.0 20
-0.627 0.539 7.119 19
-0.784 -1.166 15.259 20
-0.774 -0.411 17.21 20
-0.049 0.696 16.112 20
1.029 1.372 12.63 20
0.617 1.627 8.855 20
0.304 1.421 4.815 20
0.058 1.078 2.373 20
0.049 0.696 2.618 20
0.029 0.333 4.589 20
0.274 0.068 6.286 21
-0.264 -0.245 8.414 19
-1.265 0.205 10.179 20
-1.294 0.392 11.65 21
-0.666 0.353 13.552 19
0.196 0.343 14.2 21
0.235 0.343 13.493 19
-0.117 0.49 11.424 20
-0.156 0.558 10.061 20
0.0 0.539 9.071 21
-0.058 0.5 8.835 19
-0.254 0.5 9.1 21
-0.421 0.402 9.071 20
-0.568 0.333 9.031 19
-0.588 0.215 9.11 20
-0.235 0.009 9.09 20
0.098 -0.176 9.63 20
0.058 -0.284 10.846 20
-0.382 0.009 10.767 20
-0.431 0.156 9.943 20
-0.411 0.127 9.198 20
-0.254 0.147 9.247 20
-0.254 0.107 9.414 20
-0.48 0.147 9.306 20
-0.49 0.117 9.247 21
-0.205 0.078 9.228 20
-0.147 0.0 9.571 19
-0.186 0.0 9.718 21
-0.205 0.0 9.433 19
-0.176 0.019 9.384 21
-0.156 -0.058 9.061 19
-0.156 -0.078 9.286 20
-0.156 -0.078 9.414 21
-0.264 -0.019 9.414 19
-0.176 -0.156 9.306 20
-0.362 -0.019 9.129 20
-0.411 -0.147 9.375 20
-0.147 -0.274 8.884 21
-0.558 -0.451 9.541 20
-0.627 0.156 8.669 19
-0.686 -0.137 9.767 21
-0.421 -0.127 10.012 19
-0.245 -0.009 9.453 21
-0.049 0.0 8.659 19
-0.147 0.098 8.816 21
-0.333 0.166 9.061 19
-0.225 0.009 8.982 21
-0.49 -0.215 10.012 19
-0.686 -0.029 9.512 20
-0.764 -0.029 9.179 20
-0.5 -0.117 10.228 26
-0.411 -0.304 10.512 34
-0.392 -0.117 9.149 20
-0.372 -0.117 8.747 21
-0.333 -0.147 8.649 20
-0.598 -0.088 8.943 19
-0.608 0.0 9.532 20
-0.549 -0.029 9.796 20
-0.5 -0.049 9.649 21
-0.46 -0.127 9.463 19
-0.549 -0.009 9.63 21
-0.451 -0.009 9.355 20
-0.509 0.058 9.09 19
-0.451 0.098 9.08 21
-0.362 0.107 9.345 20
-0.254 0.019 9.1 19
-0.323 0.078 9.1 20
-0.431 0.137 9.384 21
-0.284 0.098 9.551 20
-0.294 0.088 9.296 20
-0.274 0.137 9.031 20
-0.333 0.235 9.041 20
-0.372 0.176 9.198 19
-0.48 0.235 9.502 20
-0.382 0.186 9.463 21
-0.274 0.176 9.355 20
-0.294 0.176 9.541 20
-0.254 0.156 9.492 19
-0.362 0.196 9.816 22
-0.343 0.225 9.718 18
-0.333 0.245 9.316 21
-0.264 0.304 8.992 19
-0.382 0.343 8.816 20
-0.333 0.323 8.835 21
-0.343 0.304 9.247 19
-0.411 0.274 9.286 20
-0.5 0.333 9.286 21
-0.441 0.343 9.296 20
-0.519 0.441 9.345 19
-0.402 0.382 9.463 20
-0.313 0.353 9.384 20
-0.235 0.245 9.424 20
-0.411 0.333 9.404 20
-0.509 0.431 9.502 21
-0.441 0.353 9.286 19
-0.343 0.382 9.257 20
-0.431 0.509 9.198 21
-0.431 0.411 8.727 19
-0.696 0.5 8.786 20
-0.725 0.451 9.129 21
-0.549 0.451 9.424 19
-0.431 0.431 9.541 20
-0.47 0.411 9.483 20
-0.529 0.47 9.394 20
-0.647 0.48 9.483 20
-0.539 0.421 9.326 20
-0.558 0.382 9.139 20
-0.558 0.382 9.09 21
-0.617 0.392 9.09 20
-0.725 0.421 9.541 20
-0.676 0.382 9.688 20
-0.509 0.313 9.453 20
-0.411 -0.274 10.473 19
-0.509 0.509 8.845 22
-0.657 0.676 9.169 39
-0.519 0.588 9.708 19
-0.451 0.715 9.571 20
-0.382 0.657 9.002 20
-0.46 0.745 9.071 21
-0.676 0.637 9.453 19
-0.696 0.411 9.571 20
-0.813 0.588 9.022 20
# end
#Tue Jun 10 16:36:38 IST 2014